0,390
0,389
23,40
23,39
23,38
23,37
23,36
23,35
27,3
27,2
27,1
27,0
0,388
0,387
0,386
0,385
0,384
26,4
26,3
26,2
26,1
26,0
0,319
0,318
25,4
25,3
25,2
0,283
0,243
25,1
25,0
24,3
24,2
24,1
24,0
3,2
10,181
10,119
10,95
10,89
10,145
10,2
10,3
11,7
11,11
11,9
11,14
11,12
11,10
11,2
11,3
9,5
9,2
9,3
8,10
8,5
8,7
8,2
8,3
12,2
12,1
12,3
20,2
20,1
20,3
19,2
19,1
19,3
11,28
11,27
11,26
11,25
11,24
11,23
11,22
11,21
11,20
11,1
11,19
10,309
10,308
10,307
10,306
10,305
10,304
10,303
10,302
10,301
10,300
10,299
10,298
10,297
10,296
10,295
10,294
10,293
10,292
10,291
10,290
10,289
10,288
10,287
10,286
10,285
10,284
10,283
10,282
10,281
10,280
10,279
10,278
10,277
10,276
10,275
10,274
10,273
10,272
10,271
